DB 204,51,204,51,204,51,204,51  ; 0
DB 1,133,181,253,181,133,1,0  ; 1
DB 1,133,49,253,49,1,133,0  ; 2
DB 48,252,253,253,181,133,1,0  ; 3
DB 1,133,181,253,180,1,133,0  ; 4
DB 0,0,0,171,171,129,129,129  ; 5
DB 0,0,0,213,213,129,129,129  ; 6
DB 129,129,129,171,171,0,0,0  ; 7
DB 129,129,129,213,213,0,0,0  ; 8
DB 0,0,0,255,255,0,0,0  ; 9
DB 129,129,129,129,129,129,129,129  ; 10
DB 129,129,129,255,255,0,0,0  ; 11
DB 0,0,0,255,255,129,129,129  ; 12
DB 129,129,129,171,171,129,129,129  ; 13
DB 129,129,129,213,213,129,129,129  ; 14
DB 129,129,129,255,255,129,129,129  ; 15
DB 10,40,160,129,5,20,80,64  ; 16
DB 80,20,5,129,160,40,10,2  ; 17
DB 90,60,164,129,37,60,90,66  ; 18
DB 0,0,129,165,165,129,0,0  ; 19
DB 0,0,129,36,36,129,0,0  ; 20
DB 0,0,0,169,169,129,129,0  ; 21
DB 0,0,0,149,149,129,129,0  ; 22
DB 0,129,129,169,169,0,0,0  ; 23
DB 0,129,129,149,149,0,0,0  ; 24
DB 0,0,0,189,189,0,0,0  ; 25
DB 0,129,129,129,129,129,129,0  ; 26
DB 0,129,129,189,189,0,0,0  ; 27
DB 0,0,0,189,189,129,129,0  ; 28
DB 0,129,129,169,169,129,129,0  ; 29
DB 0,129,129,149,149,129,129,0  ; 30
DB 0,129,129,189,189,129,129,0  ; 31
DB 0,0,0,0,0,0,0,0  ; 32
DB 5,5,5,5,0,5,5,0  ; 33
DB 180,180,180,0,0,0,0,0  ; 34
DB 180,180,253,180,253,180,180,0  ; 35
DB 1,181,81,181,41,181,1,0  ; 36
DB 24,100,144,1,36,152,96,0  ; 37
DB 133,180,180,133,217,240,61,0  ; 38
DB 5,5,20,0,0,0,0,0  ; 39
DB 5,20,80,80,80,20,5,0  ; 40
DB 129,160,40,40,40,160,129,0  ; 41
DB 0,180,133,253,133,180,0,0  ; 42
DB 0,129,129,189,129,129,0,0  ; 43
DB 0,0,0,0,0,5,5,20  ; 44
DB 0,0,0,189,0,0,0,0  ; 45
DB 0,0,0,0,0,5,5,0  ; 46
DB 8,40,160,129,5,20,80,0  ; 47
DB 149,240,241,244,240,240,149,0  ; 48
DB 5,21,85,5,5,5,245,0  ; 49
DB 149,240,160,129,5,20,245,0  ; 50
DB 149,240,160,133,160,240,149,0  ; 51
DB 129,133,145,209,245,129,129,0  ; 52
DB 245,80,213,160,160,240,149,0  ; 53
DB 149,240,80,213,240,240,149,0  ; 54
DB 245,160,129,5,20,80,80,0  ; 55
DB 149,240,240,149,240,240,149,0  ; 56
DB 149,240,240,181,160,240,149,0  ; 57
DB 0,0,129,129,0,129,129,0  ; 58
DB 0,0,129,129,0,129,129,5  ; 59
DB 160,129,5,20,5,129,160,0  ; 60
DB 0,0,181,0,181,0,0,0  ; 61
DB 20,5,129,160,129,5,20,0  ; 62
DB 149,240,160,129,0,5,5,0  ; 63
DB 165,24,201,204,97,16,165,0  ; 64
DB 149,240,240,245,240,240,240,0  ; 65
DB 213,240,240,213,240,240,213,0  ; 66
DB 149,240,80,80,80,240,149,0  ; 67
DB 85,209,240,240,240,209,85,0  ; 68
DB 245,80,80,213,80,80,245,0  ; 69
DB 245,80,80,213,80,80,80,0  ; 70
DB 149,240,80,241,240,240,149,0  ; 71
DB 240,240,240,245,240,240,240,0  ; 72
DB 245,5,5,5,5,5,245,0  ; 73
DB 181,129,129,129,129,209,21,0  ; 74
DB 240,209,85,84,85,209,240,0  ; 75
DB 80,80,80,80,80,80,245,0  ; 76
DB 120,252,253,121,120,120,120,0  ; 77
DB 240,240,244,245,241,240,240,0  ; 78
DB 149,240,240,240,240,240,149,0  ; 79
DB 213,240,240,213,80,80,80,0  ; 80
DB 149,240,240,240,113,209,180,0  ; 81
DB 213,240,240,213,209,240,240,0  ; 82
DB 149,240,80,149,160,240,149,0  ; 83
DB 245,5,5,5,5,5,5,0  ; 84
DB 240,240,240,240,240,240,149,0  ; 85
DB 240,240,240,240,240,149,5,0  ; 86
DB 120,120,120,121,253,252,120,0  ; 87
DB 240,240,149,5,149,240,240,0  ; 88
DB 240,240,240,149,5,5,5,0  ; 89
DB 245,160,129,5,20,80,245,0  ; 90
DB 213,80,80,80,80,80,213,0  ; 91
DB 80,20,5,129,160,40,8,0  ; 92
DB 181,160,160,160,160,160,181,0  ; 93
DB 5,149,240,0,0,0,0,0  ; 94
DB 0,0,0,0,0,0,0,255  ; 95
DB 80,20,5,0,0,0,0,0  ; 96
DB 0,0,149,160,181,240,149,0  ; 97
DB 80,80,213,240,240,240,213,0  ; 98
DB 0,0,149,240,80,240,149,0  ; 99
DB 160,160,181,240,240,240,181,0  ; 100
DB 0,0,149,240,213,80,149,0  ; 101
DB 165,20,20,213,20,20,20,0  ; 102
DB 0,0,149,240,240,181,160,213  ; 103
DB 80,80,80,213,240,240,240,0  ; 104
DB 0,5,0,21,5,5,149,0  ; 105
DB 0,129,0,133,129,129,209,21  ; 106
DB 80,80,240,209,85,209,240,0  ; 107
DB 21,5,5,5,5,5,149,0  ; 108
DB 0,0,180,253,121,121,120,0  ; 109
DB 0,0,213,240,240,240,240,0  ; 110
DB 0,0,149,240,240,240,149,0  ; 111
DB 0,0,213,240,240,240,213,80  ; 112
DB 0,0,181,240,240,240,181,160  ; 113
DB 0,0,213,240,80,80,80,0  ; 114
DB 0,0,149,80,149,160,149,0  ; 115
DB 0,20,213,20,20,180,133,0  ; 116
DB 0,0,240,240,240,240,149,0  ; 117
DB 0,0,240,240,240,149,5,0  ; 118
DB 0,0,120,121,121,253,180,0  ; 119
DB 0,0,240,157,5,149,240,0  ; 120
DB 0,0,240,240,240,181,160,149  ; 121
DB 0,0,245,129,5,20,245,0  ; 122
DB 160,129,129,5,129,129,160,0  ; 123
DB 5,5,5,5,5,5,5,0  ; 124
DB 20,5,5,129,5,5,20,0  ; 125
DB 0,0,28,121,224,0,0,0  ; 126
DB 253,253,253,253,253,253,253,0  ; 127
DB 0,0,0,0,0,0,0,0  ; 128
DB 0,0,20,65,65,85,65,65  ; 129
DB 0,0,84,65,65,84,65,65  ; 130
DB 0,0,20,65,64,64,64,65  ; 131
DB 0,0,80,68,65,65,65,68  ; 132
DB 0,0,85,64,64,84,64,64  ; 133
DB 0,0,85,64,64,84,64,64  ; 134
DB 0,0,20,65,64,69,65,65  ; 135
DB 0,0,65,65,65,85,65,65  ; 136
DB 0,0,84,16,16,16,16,16  ; 137
DB 0,0,85,4,4,4,4,68  ; 138
DB 0,0,65,65,68,80,68,65  ; 139
DB 0,0,64,64,64,64,64,64  ; 140
DB 0,0,65,85,65,65,65,65  ; 141
DB 0,0,65,81,85,69,65,65  ; 142
DB 0,0,20,65,65,65,65,65  ; 143
DB 0,0,84,65,65,84,64,64  ; 144
DB 65,0,20,65,65,65,65,68  ; 145
DB 84,0,84,65,65,84,80,68  ; 146
DB 20,0,20,65,64,20,1,65  ; 147
DB 80,0,85,16,16,16,16,16  ; 148
DB 85,0,65,65,65,65,65,65  ; 149
DB 64,0,65,65,65,65,69,20  ; 150
DB 20,0,65,65,65,65,65,85  ; 151
DB 65,0,65,65,65,20,65,65  ; 152
DB 84,0,65,65,65,20,16,16  ; 153
DB 16,0,85,1,4,4,16,64  ; 154
DB 65,0,0,0,0,0,0,0  ; 155
DB 85,0,0,0,0,0,0,0  ; 156
DB 65,0,0,0,0,0,0,0  ; 157
DB 65,0,0,0,0,0,0,0  ; 158
DB 20,0,0,0,0,0,0,0  ; 159
DB 64,0,0,0,0,0,0,0  ; 160
DB 17,0,0,0,0,0,0,0  ; 161
DB 65,0,0,0,0,0,0,0  ; 162
DB 20,0,0,0,0,0,0,0  ; 163
DB 16,0,0,0,0,0,0,0  ; 164
DB 20,0,0,0,0,0,0,0  ; 165
DB 16,0,0,0,0,0,0,0  ; 166
DB 65,0,0,0,0,0,0,0  ; 167
DB 65,0,0,0,0,0,0,0  ; 168
DB 16,0,0,0,0,0,0,0  ; 169
DB 85,0,0,0,0,0,0,0  ; 170
DB 0,0,0,0,0,0,0,0  ; 171
DB 0,0,0,0,0,0,0,0  ; 172
DB 0,0,0,0,0,0,0,0  ; 173
DB 0,0,0,0,0,0,0,0  ; 174
DB 0,0,0,0,0,0,0,0  ; 175
DB 0,0,0,0,0,0,0,0  ; 176
DB 0,0,0,0,0,0,0,0  ; 177
DB 0,0,0,0,0,0,0,0  ; 178
DB 0,0,0,0,0,0,0,0  ; 179
DB 0,0,0,0,0,0,0,0  ; 180
DB 0,0,0,0,0,0,0,0  ; 181
DB 0,0,0,0,0,0,0,0  ; 182
DB 0,0,0,0,0,0,0,0  ; 183
DB 0,0,0,0,0,0,0,0  ; 184
DB 0,0,0,0,0,0,0,0  ; 185
DB 0,0,0,0,0,0,0,0  ; 186
DB 0,0,0,0,0,0,0,0  ; 187
DB 0,0,0,0,0,0,0,0  ; 188
DB 0,0,0,0,0,0,0,0  ; 189
DB 0,0,0,0,0,0,0,0  ; 190
DB 0,0,0,0,0,0,0,0  ; 191
DB 0,0,0,0,0,0,0,0  ; 192
DB 0,0,0,0,0,0,0,0  ; 193
DB 0,0,0,0,0,0,0,0  ; 194
DB 0,0,0,0,0,0,0,0  ; 195
DB 0,0,0,0,0,0,0,0  ; 196
DB 0,0,0,0,0,0,0,0  ; 197
DB 0,0,0,0,0,0,0,0  ; 198
DB 0,0,0,0,0,0,0,0  ; 199
DB 0,0,0,0,0,0,0,0  ; 200
DB 0,0,0,0,0,0,0,0  ; 201
DB 0,0,0,0,0,0,0,0  ; 202
DB 0,0,0,0,0,0,0,0  ; 203
DB 0,0,0,0,0,0,0,0  ; 204
DB 0,0,0,0,0,0,0,0  ; 205
DB 0,0,0,0,0,0,0,0  ; 206
DB 0,0,0,0,0,0,0,0  ; 207
DB 0,0,0,0,0,0,0,0  ; 208
DB 0,0,0,0,0,0,0,0  ; 209
DB 0,0,0,0,0,0,0,0  ; 210
DB 0,0,0,0,0,0,0,0  ; 211
DB 0,0,0,0,0,0,0,0  ; 212
DB 0,0,0,0,0,0,0,0  ; 213
DB 0,0,0,0,0,0,0,0  ; 214
DB 0,0,0,0,0,0,0,0  ; 215
DB 0,0,0,0,0,0,0,0  ; 216
DB 0,0,0,0,0,0,0,0  ; 217
DB 0,0,0,0,0,0,0,0  ; 218
DB 0,0,0,0,0,0,0,0  ; 219
DB 0,0,0,0,0,0,0,0  ; 220
DB 0,0,0,0,0,0,0,0  ; 221
DB 0,0,0,0,0,0,0,0  ; 222
DB 0,0,0,0,0,0,0,0  ; 223
DB 0,0,0,0,0,0,0,0  ; 224
DB 0,0,0,0,0,0,0,0  ; 225
DB 0,0,0,0,0,0,0,0  ; 226
DB 0,0,0,0,0,0,0,0  ; 227
DB 0,0,0,0,0,0,0,0  ; 228
DB 0,0,0,0,0,0,0,0  ; 229
DB 0,0,0,0,0,0,0,0  ; 230
DB 0,0,0,0,0,0,0,0  ; 231
DB 0,0,0,0,0,0,0,0  ; 232
DB 0,0,0,0,0,0,0,0  ; 233
DB 0,0,0,0,0,0,0,0  ; 234
DB 0,0,0,0,0,0,0,0  ; 235
DB 0,0,0,0,0,0,0,0  ; 236
DB 0,0,0,0,0,0,0,0  ; 237
DB 0,0,0,0,0,0,0,0  ; 238
DB 0,0,0,0,0,0,0,0  ; 239
DB 0,62,97,97,127,97,97,107  ; 240
DB 0,131,102,70,6,70,102,131  ; 241
DB 0,234,144,132,172,132,144,234  ; 242
DB 0,151,24,24,29,24,24,18  ; 243
DB 0,73,25,9,249,25,25,73  ; 244
DB 0,126,18,18,18,18,50,92  ; 245
DB 0,102,38,134,7,134,38,38  ; 246
DB 0,130,170,130,130,130,130,214  ; 247
DB 0,146,156,157,153,152,152,146  ; 248
DB 0,225,25,25,177,17,17,65  ; 249
DB 0,62,97,97,107,105,102,49  ; 250
DB 0,131,100,68,129,32,36,193  ; 251
DB 0,214,194,194,194,194,194,104  ; 252
DB 0,152,152,152,152,153,15,12  ; 253
DB 0,25,25,25,176,25,89,25  ; 254
DB 0,65,65,65,20,16,16,16  ; 255
